Seed = 1
Iteration: 2003
Calculated contracted graph with vertices 61, 124 with 17 cuts
Contraction list:
[(179, 105), (79, 42), (152, 134), (193, 120), (99, 32), (144, 178), (164, 131), (120, 85), (142, 12), (73, 112), (31, 171), (26, 15), (129, 177), (130, 54), (82, 66), (39, 150), (104, 105), (134, 66), (103, 117), (171, 96), (91, 98), (98, 158), (167, 187), (155, 102), (137, 125), (65, 54), (194, 92), (177, 111), (96, 71), (80, 119), (119, 81), (174, 37), (18, 67), (156, 78), (146, 22), (70, 176), (181, 182), (94, 43), (40, 19), (52, 178), (154, 83), (78, 71), (59, 157), (2, 128), (50, 30), (14, 113), (186, 170), (9, 20), (88, 176), (116, 63), (71, 112), (106, 138), (140, 166), (185, 7), (66, 3), (37, 89), (43, 170), (3, 36), (200, 100), (117, 143), (115, 151), (159, 141), (55, 60), (38, 32), (35, 6), (161, 184), (15, 139), (175, 85), (105, 143), (5, 118), (86, 69), (102, 160), (75, 6), (184, 77), (147, 197), (173, 190), (118, 85), (100, 125), (143, 63), (81, 160), (77, 183), (32, 196), (178, 58), (108, 198), (36, 148), (22, 68), (183, 128), (113, 172), (158, 6), (148, 28), (13, 90), (54, 169), (111, 188), (62, 34), (145, 160), (127, 8), (83, 33), (84, 89), (190, 136), (169, 199), (68, 124), (166, 133), (149, 64), (60, 46), (92, 141), (157, 16), (30, 141), (123, 128), (170, 29), (33, 136), (153, 41), (27, 89), (191, 107), (12, 28), (172, 150), (4, 107), (19, 45), (199, 101), (107, 121), (112, 34), (34, 93), (85, 160), (121, 131), (10, 128), (89, 198), (180, 188), (109, 51), (168, 188), (87, 150), (188, 72), (141, 138), (122, 151), (93, 7), (28, 189), (187, 197), (189, 162), (25, 97), (56, 53), (139, 8), (160, 131), (195, 151), (136, 17), (63, 61), (20, 125), (72, 61), (21, 197), (46, 150), (6, 57), (163, 24), (162, 17), (165, 41), (192, 51), (133, 125), (45, 57), (197, 74), (101, 138), (29, 51), (150, 76), (7, 135), (138, 24), (198, 196), (126, 69), (1, 125), (135, 69), (41, 51), (69, 64), (110, 176), (44, 61), (47, 61), (176, 114), (48, 114), (64, 57), (8, 132), (128, 182), (17, 90), (182, 51), (24, 95), (67, 196), (196, 124), (114, 74), (151, 97), (57, 23), (49, 74), (90, 61), (16, 51), (97, 131), (95, 51), (74, 11), (125, 58), (42, 23), (132, 53), (53, 23), (131, 58), (58, 23), (11, 51), (76, 23), (23, 124), (51, 61)]
Points sets A and B:
[2, 3, 10, 11, 12, 13, 16, 17, 21, 24, 28, 29, 30, 33, 36, 41, 43, 44, 47, 48, 49, 50, 51, 54, 59, 61, 63, 65, 66, 70, 72, 74, 77, 82, 83, 88, 90, 92, 94, 95, 101, 103, 104, 105, 106, 109, 110, 111, 114, 116, 117, 123, 128, 129, 130, 134, 136, 138, 141, 142, 143, 147, 148, 152, 153, 154, 157, 159, 161, 162, 163, 165, 167, 168, 169, 170, 173, 176, 177, 179, 180, 181, 182, 183, 184, 186, 187, 188, 189, 190, 192, 194, 197, 199]
[1, 4, 5, 6, 7, 8, 9, 14, 15, 18, 19, 20, 22, 23, 25, 26, 27, 31, 32, 34, 35, 37, 38, 39, 40, 42, 45, 46, 52, 53, 55, 56, 57, 58, 60, 62, 64, 67, 68, 69, 71, 73, 75, 76, 78, 79, 80, 81, 84, 85, 86, 87, 89, 91, 93, 96, 97, 98, 99, 100, 102, 107, 108, 112, 113, 115, 118, 119, 120, 121, 122, 124, 125, 126, 127, 131, 132, 133, 135, 137, 139, 140, 144, 145, 146, 149, 150, 151, 155, 156, 158, 160, 164, 166, 171, 172, 174, 175, 178, 185, 191, 193, 195, 196, 198, 200]

Seed = 4711
Iteration: 4238
Calculated contracted graph with vertices 172, 192 with 17 cuts
Contraction list:
[(54, 114), (123, 114), (65, 61), (111, 188), (176, 3), (1, 198), (142, 105), (4, 35), (78, 53), (120, 108), (158, 155), (160, 185), (45, 19), (107, 198), (32, 22), (175, 137), (112, 5), (18, 193), (77, 173), (88, 180), (20, 119), (12, 50), (34, 131), (16, 173), (132, 191), (185, 9), (42, 178), (199, 194), (191, 127), (72, 109), (39, 139), (31, 196), (133, 125), (155, 27), (168, 103), (173, 179), (89, 87), (165, 181), (141, 188), (153, 74), (187, 92), (166, 127), (188, 106), (50, 169), (110, 138), (135, 19), (94, 189), (8, 46), (74, 170), (73, 195), (97, 140), (61, 194), (98, 140), (28, 83), (193, 108), (103, 117), (125, 119), (35, 23), (84, 86), (76, 85), (154, 189), (140, 56), (48, 51), (119, 26), (21, 177), (189, 134), (178, 7), (122, 198), (101, 169), (13, 3), (190, 163), (7, 79), (127, 145), (138, 197), (108, 22), (19, 23), (157, 134), (55, 99), (163, 90), (9, 115), (105, 128), (56, 79), (148, 10), (86, 198), (121, 40), (164, 100), (183, 147), (46, 100), (104, 114), (174, 5), (145, 37), (177, 194), (149, 118), (79, 196), (67, 91), (3, 49), (85, 150), (27, 87), (130, 134), (114, 186), (197, 180), (66, 159), (180, 92), (29, 134), (146, 131), (41, 95), (106, 30), (47, 181), (51, 192), (95, 170), (116, 2), (90, 181), (37, 75), (134, 161), (87, 150), (30, 33), (170, 162), (22, 100), (196, 60), (117, 143), (24, 167), (161, 182), (75, 6), (182, 10), (11, 162), (10, 162), (62, 113), (92, 129), (169, 194), (144, 93), (124, 131), (118, 195), (115, 100), (82, 184), (83, 147), (40, 156), (68, 198), (184, 43), (6, 80), (71, 99), (23, 151), (147, 167), (109, 162), (181, 70), (33, 186), (49, 136), (139, 91), (194, 128), (59, 167), (150, 80), (80, 195), (26, 81), (143, 136), (152, 36), (58, 195), (69, 195), (91, 25), (131, 200), (156, 126), (198, 200), (129, 2), (81, 96), (162, 179), (2, 128), (96, 137), (167, 159), (137, 64), (186, 128), (15, 38), (100, 126), (159, 63), (128, 179), (99, 53), (43, 36), (38, 52), (14, 151), (36, 44), (64, 25), (5, 102), (44, 70), (70, 136), (126, 93), (53, 52), (17, 179), (179, 63), (151, 113), (93, 200), (60, 200), (113, 57), (63, 192), (57, 52), (195, 102), (200, 102), (102, 52), (52, 171), (25, 171), (171, 172), (136, 192)]
Points sets A and B:
[1, 4, 5, 6, 7, 8, 9, 14, 15, 18, 19, 20, 22, 23, 25, 26, 27, 31, 32, 34, 35, 37, 38, 39, 40, 42, 45, 46, 52, 53, 55, 56, 57, 58, 60, 62, 64, 67, 68, 69, 71, 73, 75, 76, 78, 79, 80, 81, 84, 85, 86, 87, 89, 91, 93, 96, 97, 98, 99, 100, 102, 107, 108, 112, 113, 115, 118, 119, 120, 121, 122, 124, 125, 126, 127, 131, 132, 133, 135, 137, 139, 140, 144, 145, 146, 149, 150, 151, 155, 156, 158, 160, 164, 166, 171, 172, 174, 175, 178, 185, 191, 193, 195, 196, 198, 200]
[2, 3, 10, 11, 12, 13, 16, 17, 21, 24, 28, 29, 30, 33, 36, 41, 43, 44, 47, 48, 49, 50, 51, 54, 59, 61, 63, 65, 66, 70, 72, 74, 77, 82, 83, 88, 90, 92, 94, 95, 101, 103, 104, 105, 106, 109, 110, 111, 114, 116, 117, 123, 128, 129, 130, 134, 136, 138, 141, 142, 143, 147, 148, 152, 153, 154, 157, 159, 161, 162, 163, 165, 167, 168, 169, 170, 173, 176, 177, 179, 180, 181, 182, 183, 184, 186, 187, 188, 189, 190, 192, 194, 197, 199]
