Reading input data for pass 1.

Calculating pass 1.

Reading input data for pass 2.

Calculating pass 2.

Extracting SCC sizes.
Sizes: [434821, 968, 459, 313, 211, 205, 197, 177, 167, 164, 162, 152, 151, 149, 148, 138, 125, 122, 110, 103, 102, 101, 100, 99, 98, 97, 96, 93, 90, 85, 79, 78, 77, 73, 72, 71, 69, 68, 67, 65, 64, 63, 60, 59, 58, 56, 55, 54, 53, 52, 51, 49, 48, 47, 46, 45, 44, 43, 42, 41, 40, 39, 38, 37, 36, 35, 34, 33, 32, 31, 30, 29, 28, 27, 26, 25, 24, 23, 22, 21, 20, 19, 18, 17, 16, 15, 14, 13, 12, 11, 10, 9, 8, 7, 6, 5, 4, 3, 2, 1]

Execution time: 1354745.1903000001 ms